71 69 61 55 53 49 45 44 47 48 45 45 48 47 48 46 41 35 32 38 46 53 57 54 44 37 37 40 40 41 46 48 53 59 63 57 55 56 53 47 40 33 29 39 51 62 65 59 56 51 45 45 46 46 45 46 47 42 38 42 50 56 60 61
70 66 61 54 52 45 42 44 47 44 43 45 49 46 43 42 38 34 34 38 46 48 52 53 47 41 39 36 36 41 46 50 53 59 61 61 57 56 49 44 39 33 32 37 49 60 62 59 50 46 43 41 44 44 42 44 43 39 38 42 48 52 54 56
63 61 56 53 46 43 41 43 44 43 42 48 48 45 40 35 35 33 34 39 41 42 45 47 51 50 41 34 33 40 50 52 55 59 62 60 58 54 51 43 39 37 35 39 48 55 59 55 47 40 37 39 40 38 38 40 37 36 38 43 45 47 47 47
59 57 57 50 44 43 46 50 48 44 44 45 48 44 39 35 31 31 35 37 38 39 42 44 51 53 48 38 36 43 52 56 56 59 59 53 54 54 51 45 40 40 43 45 48 53 55 52 47 41 37 35 34 34 35 38 38 39 43 45 48 47 45 42
60 60 56 51 43 46 54 57 56 48 45 43 44 44 40 39 35 32 37 41 42 44 44 44 47 52 52 45 44 48 55 56 57 54 53 49 47 51 48 42 42 45 47 47 47 50 54 55 49 42 35 33 32 33 36 37 41 46 50 50 49 50 49 45
60 57 53 48 45 49 58 63 58 53 45 44 43 44 44 43 41 40 40 44 49 50 47 45 44 49 47 47 45 50 54 58 55 49 47 46 45 46 44 41 40 44 44 43 43 46 56 59 54 42 36 34 36 34 35 40 44 50 53 51 51 53 51 48
55 51 48 44 47 54 61 62 57 51 49 47 47 44 46 46 49 47 45 46 50 51 50 45 43 41 42 40 42 45 51 56 56 52 45 46 48 45 40 39 40 41 42 39 41 46 54 58 53 45 39 37 37 38 37 41 49 53 49 45 50 52 48 46
48 48 44 45 48 54 60 59 54 48 45 50 49 48 45 47 50 52 47 46 47 48 47 46 41 40 35 35 38 42 47 54 57 54 53 52 51 45 38 37 43 48 46 46 46 48 52 52 50 47 42 40 40 39 40 44 54 55 48 41 44 50 48 48
46 44 46 47 50 56 56 54 49 44 45 47 51 48 46 49 52 53 49 41 40 41 43 42 42 39 37 32 35 41 47 51 54 58 60 60 53 43 38 39 47 53 57 54 51 52 50 50 50 46 43 44 45 41 42 50 56 55 47 40 41 48 52 52
44 43 45 49 55 57 54 48 43 44 44 49 51 47 47 51 54 52 46 39 35 37 40 45 45 43 39 36 36 41 48 51 52 55 61 62 54 46 41 43 48 53 57 58 54 52 50 52 50 46 44 46 47 48 48 53 55 54 47 39 43 48 50 52
41 45 44 51 54 59 55 46 40 40 46 49 53 52 49 52 55 50 44 37 37 40 43 47 49 47 44 41 39 45 50 51 50 53 56 55 55 49 48 49 48 50 54 57 54 50 52 52 54 50 47 49 54 55 55 51 54 51 44 41 43 47 45 44
45 44 48 48 53 57 55 47 41 41 45 51 55 53 53 54 52 49 43 40 39 45 47 48 48 49 45 41 44 51 52 52 54 54 51 52 54 54 53 54 52 48 52 55 53 49 49 55 57 55 53 56 58 56 51 51 48 46 43 40 40 45 41 39
48 50 48 48 51 55 54 51 48 45 46 49 53 54 55 52 48 44 41 39 43 47 50 49 50 46 40 41 48 55 57 55 56 55 55 55 57 57 56 56 51 48 52 53 51 50 51 55 57 56 57 57 57 49 45 45 48 45 39 35 38 40 42 40
54 51 50 49 52 55 55 53 50 47 44 45 48 52 53 51 46 41 40 39 41 48 52 53 50 41 37 39 49 56 58 58 54 57 58 58 59 59 58 54 50 48 52 52 48 49 50 49 51 53 52 54 50 44 41 43 49 47 37 32 34 40 41 42
57 54 54 53 53 54 53 47 45 41 38 41 43 48 49 49 47 46 43 42 46 50 55 55 47 38 35 40 45 51 54 51 50 50 55 57 56 57 54 49 46 47 50 49 47 44 44 42 42 45 46 46 47 41 39 44 50 46 39 34 35 38 40 38
54 55 53 53 51 51 48 45 39 36 38 38 43 44 46 46 48 47 48 48 49 51 55 52 44 37 35 39 43 45 45 42 40 42 46 50 49 49 43 41 43 45 46 45 45 43 40 39 37 39 43 46 43 40 41 46 49 50 43 38 39 39 37 37
51 49 49 47 47 47 45 44 42 39 41 48 47 45 40 44 47 46 48 49 47 50 51 49 45 38 36 40 44 45 41 39 37 36 40 42 45 37 35 37 44 47 44 44 45 43 43 41 38 40 46 46 42 42 43 49 52 49 47 41 40 41 39 35
49 46 44 44 45 44 46 49 48 46 50 54 52 43 38 40 44 48 49 50 49 48 49 48 47 40 37 42 45 44 46 45 43 39 38 42 37 33 30 35 45 49 46 42 43 47 46 44 45 47 51 50 46 43 46 48 50 50 46 43 40 42 39 37
51 48 46 47 42 40 46 52 51 52 53 53 51 44 39 41 48 50 53 56 56 53 50 49 46 41 38 36 41 46 50 53 50 48 43 40 36 33 32 35 43 46 42 40 44 48 47 46 49 53 54 55 52 51 45 44 46 48 47 43 44 43 44 42
54 53 50 46 40 38 44 52 54 53 52 52 51 46 45 49 53 54 58 62 63 55 50 48 46 42 35 31 33 43 53 56 56 52 48 42 40 38 38 39 42 43 41 41 46 48 49 48 53 56 58 57 58 54 50 43 48 47 48 51 48 49 47 49
53 50 47 39 37 40 46 53 53 54 54 54 52 49 48 54 59 58 58 62 61 56 52 51 51 45 37 30 32 43 53 54 53 53 52 51 47 45 43 43 46 48 47 46 45 47 48 51 55 59 60 58 59 57 49 49 47 51 51 51 51 50 51 48
45 45 39 36 35 41 47 50 51 53 57 58 55 49 50 57 60 59 57 57 54 54 56 57 56 49 43 38 38 48 52 53 52 53 55 57 58 51 50 49 51 54 53 46 42 42 46 51 53 59 61 59 55 54 50 47 51 50 50 46 45 48 49 51
42 42 41 39 38 41 47 48 46 51 57 59 55 53 52 55 57 55 52 48 49 51 54 57 55 53 48 47 50 55 57 53 53 53 54 60 62 61 55 56 57 56 51 45 43 41 44 45 49 55 57 54 54 49 47 47 48 51 47 42 42 44 50 53
38 43 45 46 45 48 50 48 46 48 53 56 54 52 52 49 47 49 44 44 45 46 48 51 52 49 49 53 59 63 60 55 54 52 51 54 61 62 60 57 56 53 49 46 48 46 43 42 44 46 50 53 48 46 44 43 47 49 47 43 39 42 49 54
39 41 46 48 51 54 53 51 46 45 48 53 52 49 46 42 40 41 44 42 43 44 42 43 47 46 46 51 60 65 64 57 52 52 50 49 55 58 58 56 51 47 46 49 50 51 49 47 43 44 48 48 46 42 41 41 43 46 43 38 38 42 49 52
40 42 43 46 48 48 51 50 47 45 48 50 54 50 43 34 33 38 43 45 45 44 39 39 42 44 45 51 58 61 59 56 53 52 47 46 47 53 57 54 49 45 43 47 51 54 54 53 49 45 47 48 43 41 42 41 43 40 36 35 40 48 53 56
42 39 40 40 42 42 43 44 47 51 52 56 57 55 42 35 34 37 42 47 48 43 38 37 40 45 51 57 59 54 50 51 53 50 46 45 48 53 57 55 50 43 42 43 46 50 52 54 53 48 46 45 43 43 43 45 41 36 33 39 46 53 56 57
40 38 35 37 40 42 41 42 49 55 59 61 64 59 50 41 42 43 46 48 46 41 37 38 43 50 57 61 58 50 45 46 47 44 46 52 54 55 55 55 49 44 41 39 39 39 42 47 52 52 47 45 46 46 47 43 41 36 38 46 53 53 50 48
39 40 38 37 41 45 45 47 50 55 62 65 65 61 56 53 49 50 48 49 46 40 41 44 46 49 56 56 53 49 44 40 40 44 52 57 57 54 53 50 47 42 37 38 34 33 37 43 49 54 54 52 51 51 50 48 41 41 46 50 52 48 43 39
43 45 45 42 45 48 48 50 50 53 59 61 60 58 59 58 56 50 51 51 47 44 46 49 47 49 51 51 51 51 46 41 42 50 56 56 55 53 49 46 41 39 33 32 35 33 36 42 48 51 55 57 56 56 55 49 45 47 50 52 46 43 41 38
43 47 50 49 50 50 49 46 46 47 49 52 51 54 60 62 58 54 52 51 50 50 50 49 48 49 49 50 52 55 51 47 50 53 55 56 52 48 45 43 40 35 32 32 34 36 39 45 47 49 52 54 56 56 52 47 47 46 49 47 45 42 42 41
39 46 51 53 52 52 50 45 41 41 44 44 43 48 57 62 61 58 55 51 48 51 50 49 49 52 53 52 56 55 55 53 52 50 53 53 52 46 44 44 44 40 35 37 39 39 42 48 51 50 49 52 50 48 43 41 41 45 44 43 47 46 46 47
41 44 49 50 50 48 47 45 42 44 43 40 39 42 51 55 60 60 57 53 51 50 52 51 54 55 56 59 57 56 56 53 48 49 48 48 47 47 47 49 49 45 41 44 47 44 44 50 55 55 54 51 45 39 36 34 38 41 41 46 47 50 51 52
50 50 49 47 45 44 43 43 45 48 46 39 38 41 44 51 53 59 59 58 55 55 57 57 53 54 57 60 59 57 55 51 48 47 47 45 43 44 47 51 52 48 49 50 52 49 48 54 58 60 57 52 47 43 36 33 35 40 44 46 48 49 50 52
62 58 50 48 44 44 42 45 48 49 48 43 40 41 43 45 49 50 54 55 55 56 58 57 52 51 54 57 58 56 51 49 49 48 48 43 39 41 46 50 49 52 52 55 54 52 52 59 64 61 56 54 53 51 43 37 37 41 44 48 47 43 44 47
66 59 52 47 48 45 42 46 51 55 53 47 43 44 41 41 39 41 42 46 48 50 51 53 52 49 52 53 53 48 44 43 48 48 46 41 39 42 48 48 49 52 54 53 52 50 53 61 67 63 55 53 55 56 51 45 42 41 43 45 45 41 40 41
60 56 50 50 47 42 41 44 48 56 58 53 48 43 43 40 37 34 36 41 45 43 44 45 47 48 48 51 48 42 37 41 46 47 41 38 40 49 51 51 51 52 51 48 47 46 53 61 65 63 54 51 54 56 56 54 47 40 39 43 44 46 47 46
51 48 47 48 44 40 40 41 46 52 58 57 50 44 45 44 38 38 43 46 47 43 41 41 42 44 46 47 45 42 38 39 45 42 40 39 46 49 52 53 55 53 46 42 38 41 47 54 59 60 56 51 53 56 58 54 49 40 38 43 51 57 59 58
44 43 42 43 43 39 37 42 45 49 55 57 51 47 45 46 46 45 50 54 51 45 41 42 44 45 43 43 44 42 41 42 41 43 41 44 47 47 48 55 58 52 43 36 37 37 42 49 55 56 54 51 52 54 53 53 46 41 41 48 58 64 65 65
42 42 44 44 39 36 38 40 43 46 51 58 56 48 46 49 48 51 51 51 51 48 44 45 48 46 43 41 42 45 44 41 40 40 45 47 47 45 47 53 55 47 39 38 36 39 42 50 54 52 48 46 47 46 50 48 43 40 42 50 59 64 64 64
43 48 49 45 40 38 41 44 43 44 50 58 57 53 50 47 49 48 47 45 45 46 49 47 45 44 42 41 43 49 50 43 39 42 44 47 49 51 49 52 48 43 36 37 39 42 47 48 52 52 46 44 41 42 47 48 45 41 44 46 53 59 61 60
49 52 52 46 41 43 46 46 48 47 51 55 56 50 48 46 43 43 40 41 40 45 47 46 42 41 41 41 47 53 53 48 42 42 48 50 53 53 56 54 50 39 38 40 46 50 49 51 54 53 50 42 36 38 46 50 49 46 44 43 47 53 58 58
57 54 50 47 44 45 47 50 52 54 53 53 48 45 40 41 40 36 37 38 43 43 47 45 39 40 41 46 49 52 53 50 46 48 52 53 52 54 56 56 48 46 43 46 52 54 55 55 56 57 51 42 35 37 44 49 48 45 40 42 43 50 53 56
58 53 46 46 44 41 44 49 54 57 53 50 46 37 34 35 38 39 36 41 44 44 43 40 40 40 44 46 48 50 50 50 49 50 51 48 49 52 54 50 50 48 48 51 54 56 56 54 54 52 49 45 42 41 45 47 45 39 36 39 44 44 49 52
58 51 46 44 43 40 39 44 52 54 51 46 45 40 36 36 42 41 41 39 41 40 39 39 42 47 47 45 47 47 49 50 49 49 45 42 42 49 54 52 50 53 51 50 52 53 52 49 44 43 44 47 49 49 47 47 45 39 37 40 45 46 47 52
55 52 47 44 41 39 40 46 50 49 46 46 44 46 44 46 43 43 37 34 35 38 39 43 49 51 49 44 43 48 53 53 50 45 42 36 38 47 53 54 56 55 56 51 45 46 50 46 41 40 42 46 51 51 48 46 45 44 43 44 47 50 49 50
53 50 45 42 39 38 41 49 52 49 44 42 47 48 49 48 46 38 33 31 33 36 42 45 51 53 50 43 43 49 53 54 52 46 37 35 36 41 47 53 56 62 60 51 42 43 48 51 46 44 44 47 49 50 50 45 45 44 44 47 50 50 47 47
49 49 44 40 38 37 40 48 54 52 45 42 46 48 45 42 41 37 34 36 39 39 41 45 47 50 48 46 45 49 48 45 47 44 39 33 33 36 43 48 55 59 58 51 42 44 52 56 53 51 50 48 47 48 47 46 43 42 46 47 45 44 45 44
45 44 44 41 39 38 40 48 54 55 50 50 49 48 42 40 39 41 45 47 46 46 43 42 44 44 47 48 51 47 39 35 37 39 38 36 34 38 42 47 52 53 54 50 46 48 57 59 55 52 52 50 49 48 48 45 43 46 46 46 43 40 41 41
44 43 42 41 40 42 47 50 56 56 53 52 53 49 47 43 47 51 53 54 53 51 49 46 44 45 48 51 51 47 35 29 32 36 40 42 40 42 46 48 50 54 53 49 48 53 57 57 51 47 46 47 50 51 50 51 50 46 47 48 45 41 38 38
48 47 41 41 43 48 52 55 55 52 48 50 53 54 49 52 57 61 59 54 53 52 51 50 52 52 49 48 49 45 39 36 36 39 42 46 48 46 47 48 51 56 56 52 48 52 54 51 47 42 39 41 45 51 56 58 56 51 47 48 48 42 39 40
59 53 47 41 44 48 51 53 54 51 47 46 52 53 52 54 62 65 63 54 50 48 46 51 57 56 51 45 45 50 50 47 46 41 43 51 51 50 45 45 51 57 59 54 52 52 50 49 46 41 38 38 43 51 57 57 57 49 47 46 45 44 43 44
66 62 53 44 41 45 47 52 53 51 47 48 46 46 48 52 60 66 62 54 47 43 45 49 54 53 50 44 46 54 57 55 49 45 48 52 55 50 47 46 49 58 59 59 57 56 56 52 48 44 40 39 42 48 50 56 51 50 43 41 41 46 48 47
68 65 55 46 41 43 50 52 52 51 49 46 45 42 41 49 58 63 60 52 48 46 43 46 47 48 44 44 48 54 53 50 49 48 50 55 57 53 50 50 55 56 60 58 55 58 58 56 48 46 43 40 41 44 48 49 53 46 40 34 36 41 47 46
63 62 56 47 45 48 51 54 52 51 49 49 45 42 40 45 54 59 58 56 52 49 45 44 46 47 46 45 48 50 50 47 46 47 50 55 57 54 51 56 60 59 57 54 50 48 52 50 48 43 44 43 44 47 47 51 50 46 35 31 32 38 39 42
57 56 52 52 50 54 55 54 54 51 53 51 51 46 42 41 48 54 59 58 56 52 50 50 52 52 53 51 48 51 52 48 43 44 48 53 56 55 53 56 60 62 58 50 41 39 40 44 43 40 42 49 51 50 52 52 49 40 34 31 34 37 37 35
49 47 50 52 58 57 59 57 53 53 53 58 55 52 43 41 44 51 54 56 52 53 54 59 60 60 58 53 51 54 52 46 43 43 47 49 54 56 55 52 58 61 57 48 43 39 40 42 41 41 43 51 54 53 51 49 44 37 33 35 40 40 38 35
46 44 47 54 58 62 60 57 52 47 53 55 58 53 47 44 43 44 48 49 50 51 55 60 61 58 54 50 50 52 53 48 47 45 44 44 48 54 53 51 53 57 56 53 50 49 49 48 47 43 46 50 54 51 46 43 37 33 36 42 44 46 44 42
47 47 46 52 59 61 60 55 48 47 45 52 54 56 50 45 41 39 43 45 47 51 55 56 52 49 44 44 46 52 52 52 50 49 44 41 44 47 48 49 51 52 54 54 57 59 56 56 52 48 48 51 52 46 41 36 34 34 37 44 51 51 52 50
46 46 47 52 58 58 56 51 48 45 45 45 51 52 53 45 39 40 40 43 45 47 52 53 46 39 37 37 45 49 52 50 50 50 48 44 42 40 42 46 47 47 49 56 61 62 61 56 55 49 47 48 47 45 37 35 35 36 40 47 51 55 55 55
45 44 45 53 56 54 51 48 46 47 48 48 46 51 50 47 40 41 41 39 41 45 52 51 44 37 31 34 39 48 47 46 45 48 48 44 41 41 43 44 44 43 47 52 59 60 59 57 51 48 48 45 48 41 37 38 41 42 48 50 51 53 53 51
47 45 47 50 52 49 47 47 47 50 52 53 50 48 48 45 44 42 40 37 40 46 49 47 42 33 29 30 37 44 45 41 41 44 46 46 47 49 48 46 42 43 44 49 51 56 55 53 52 49 48 50 45 44 40 42 47 54 57 54 49 45 47 47
46 48 51 51 50 46 45 47 49 51 56 56 55 51 48 43 43 42 41 40 40 46 46 43 37 31 27 27 35 40 41 39 43 44 48 52 57 56 52 46 41 38 41 43 48 49 50 51 54 55 52 48 49 46 45 45 53 62 64 55 45 42 42 45
44 49 54 53 51 49 46 46 51 54 55 58 56 53 47 45 43 44 41 40 44 45 46 41 36 30 26 27 32 38 38 41 44 48 48 55 62 61 54 43 38 36 36 41 45 46 47 50 56 58 52 50 51 49 46 47 55 65 66 57 43 39 43 42
